Dawn F 0 0 0 0 0 0 0 0 1420 0 1188 0 1252 0 1648 0 1387 0 0 0 0 0 0 0 2091 2160 1892 2001 1650 0 1899 1928 1331 1742 1112 864 902 950 1036 887 790 756 715 644 634 643 529 503 502 441 454 379 355 361 373 310 268 290 289 288 303 278 266 253 268 247 223 208 208 209 191 188 164 138 124 103 92 93 84 54 57 49 50 52 33 26 24 27 21 21 16 14 20 21 22 23 35 43 52 57 67 79 95 106 142 165 184 232 248 305 359 385 412 498 583 667 795 681 806 920 912 1163 1085 1103 1355 1619 1646 1763 1882 1882 2160 2082 2134 2359
Jacob M 39 39 47 49 50 52 54 56 58 67 66 69 73 65 68 74 83 88 81 92 101 98 96 103 89 98 114 101 107 102 117 117 110 117 113 121 123 130 132 137 143 143 148 159 163 166 177 173 196 203 212 217 218 213 219 241 228 223 240 261 236 257 252 281 283 294 304 301 292 308 318 311 297 288 306 303 322 331 341 330 352 351 369 352 344 347 351 351 324 296 252 223 155 122 88 75 63 56 50 45 43 43 41 36 37 35 32 31 28 26 20 17 15 9 7 4 3 2 2 1 1 1 1 1 1 1 1 1 1 1 1 1 1 3
Lisa F 0 0 0 0 0 0 1052 0 0 0 0 0 0 0 0 0 1680 0 0 1335 0 0 0 0 1296 2066 0 1725 0 0 1701 1718 2471 1492 2059 2200 2743 2486 2332 2451 2214 2228 2427 2413 1840 2687 1464 2381 2689 1728 1300 1382 1126 1686 1252 1313 1009 956 785 772 735 738 672 590 523 451 425 388 364 318 220 177 125 111 73 48 31 26 19 10 6 2 1 1 1 1 1 1 1 1 2 3 3 5 8 8 9 12 11 13 16 18 23 27 29 36 40 40 43 55 64 83 88 100 123 144 168 194 230 282 294 336 358 372 428 494 501 574 603 691 712 703 710 774
Mariana F 0 0 0 0 0 0 0 0 1343 1350 1416 0 0 1336 0 1487 1477 0 1813 1323 1359 1383 1360 1356 0 1787 1061 1325 1216 1825 1129 2043 1091 1195 1273 1297 1338 1134 1134 1277 1216 1355 1047 1253 1420 1011 1430 1344 1139 1109 1150 1114 1576 1409 1324 1139 1235 1461 1164 1706 1529 1426 1394 1533 1349 1429 1738 1800 1584 1821 1774 1900 1992 2132 1632 1996 1774 2038 1834 1774 1843 1631 1864 1513 1552 1675 1682 1794 1546 1561 1413 1300 1157 1303 1288 1003 1169 1048 1065 1027 704 761 879 792 805 793 858 793 699 604 508 504 537 495 441 417 414 402 340 338 331 271 255 253 171 165 176 177 198 219 262 295 314 340
Martin M 44 46 48 46 48 49 58 51 54 53 58 56 61 61 66 65 61 60 63 72 70 64 72 77 71 75 75 79 83 79 86 75 75 75 73 79 81 77 81 81 78 78 80 80 82 83 80 87 83 83 83 91 88 89 91 93 92 87 87 91 85 85 85 83 91 90 92 90 88 83 85 81 80 82 79 77 73 69 72 80 77 73 74 62 63 67 78 80 68 78 93 105 117 108 109 119 117 125 126 133 123 127 127 122 127 132 119 118 117 117 113 115 118 124 135 147 152 155 165 173 175 182 192 197 203 206 201 208 221 234 258 262 264 263
Martina F 768 0 851 708 813 868 798 708 990 813 1040 858 772 719 726 820 738 904 803 528 814 777 743 843 604 764 783 906 759 708 702 735 750 785 781 782 817 760 826 711 707 737 800 710 780 796 742 763 655 829 719 727 719 881 724 799 820 920 1009 906 879 792 790 738 760 785 909 870 848 808 835 877 833 821 889 970 878 816 963 866 863 827 729 608 540 569 572 560 590 625 670 677 767 733 855 745 727 799 834 764 740 608 664 587 576 655 630 707 670 781 831 851 897 850 837 894 885 916 922 931 920 1035 1150 1132 1238 1234 1384 1530 1526 1792 1701 1729 1967 1585
Morgan F 0 0 0 0 0 0 0 0 0 0 0 0 0 0 0 0 0 0 0 0 0 0 0 0 0 0 0 0 0 0 0 0 0 0 0 0 0 0 5037 0 0 0 0 0 0 0 0 0 0 0 0 0 0 0 0 0 0 4456 0 0 0 0 0 0 4229 0 3088 0 0 5513 5542 3155 5116 4738 3567 2880 3558 4022 2389 3150 2319 2044 3482 2643 1760 1696 1992 1757 2006 1470 1377 1308 1547 1196 1166 1043 918 730 632 459 243 162 169 167 132 127 113 95 78 69 58 49 41 34 25 23 25 22 23 24 25 29 29 29 31 33 35 43 46 56 63 75 82 100
Morgan M 288 343 365 404 302 337 303 410 408 363 369 402 418 385 312 372 393 349 368 323 405 492 432 383 522 389 446 518 414 432 395 386 445 421 431 472 448 425 458 506 481 455 515 496 497 480 482 500 528 503 578 494 484 508 527 500 523 570 542 560 507 596 582 570 540 573 527 515 608 618 630 544 542 588 546 517 529 567 556 526 497 553 500 536 523 535 507 461 468 434 446 463 454 486 478 476 448 407 391 349 290 275 313 314 290 298 304 283 281 294 278 288 287 312 272 236 243 266 298 317 332 349 373 361 309 334 365 404 416 459 517 536 582 663
Stephanie F 0 0 0 0 0 0 0 0 0 0 0 1351 1023 1104 1148 1215 909 701 927 844 726 798 981 566 602 580 604 554 438 473 421 373 355 358 315 308 302 309 333 364 371 382 460 432 464 559 544 632 632 706 680 711 575 639 568 513 496 452 442 397 319 293 268 238 220 218 176 171 137 128 122 129 123 123 123 114 111 110 113 101 91 78 69 64 57 44 38 25 23 19 17 11 8 9 9 9 11 14 16 15 13 8 7 8 6 6 6 6 7 8 7 7 8 10 15 16 20 23 29 37 40 43 42 49 55 64 70 88 105 112 126 146 168 194
Tyrone M 0 0 0 0 0 0 0 0 0 0 0 0 0 0 0 0 0 0 0 0 0 0 0 0 0 0 0 0 0 0 0 0 0 0 3304 0 0 3238 3773 0 4346 3007 3271 2795 2833 0 3412 2310 3098 2996 2802 3424 3384 0 0 1764 2646 713 393 270 298 311 332 332 337 308 298 269 237 229 225 218 217 204 206 201 197 195 185 171 191 189 186 183 177 172 168 171 180 138 132 142 144 139 139 146 145 155 168 175 206 205 195 207 216 198 209 215 225 246 260 281 289 305 312 340 355 364 399 424 410 460 506 545 561 575 574 607 655 681 712 806 796 789
Zelda F 739 0 815 0 852 923 830 1148 795 724 727 670 762 562 586 565 538 584 502 498 499 452 518 478 395 387 429 434 388 477 426 374 397 389 427 397 389 407 415 439 470 406 415 456 442 436 443 452 448 458 450 487 467 506 468 503 593 556 566 593 618 681 725 705 715 803 731 897 843 935 885 995 956 907 933 892 836 903 893 856 904 806 780 792 904 994 939 990 1089 1647 1488 2066 2025 2452 2555 2742 3812 3002 3775 5419 4146 4526 5533 4107 5537 5344 4719 5922 4839 4668 5054 4494 6312 6261 5707 13392 6391 10836 6357 5424 3979 5170 4900 4413 4490 3645 3310 3211 3115 2934 2605 2288 1561 1284