Aaron M 133 130 162 121 143 153 161 162 168 159 148 185 169 179 189 167 218 178 177 192 193 182 203 179 162 188 189 166 187 173 187 171 190 167 183 198 195 198 196 196 199 197 196 210 203 214 227 240 233 258 253 251 233 242 240 251 251 250 248 245 237 228 237 259 262 270 262 252 244 227 230 223 216 225 223 217 206 201 199 191 178 167 159 160 137 130 117 106 88 61 52 41 40 34 32 32 30 32 32 32 34 30 30 29 29 33 33 34 31 31 34 31 30 30 28 30 34 33 37 38 41 42 44 50 53 57 57 51 50 54 55 50 51 51
Aditya M 0 0 0 0 0 0 0 0 0 0 0 0 0 0 0 0 0 0 0 0 0 0 0 0 0 0 0 0 0 0 0 0 0 0 0 0 0 0 0 0 0 0 0 0 0 0 0 0 0 0 0 0 0 0 0 0 0 0 0 0 0 0 0 0 0 0 0 0 0 0 0 0 0 0 0 0 0 0 0 0 0 0 0 0 0 0 0 0 0 0 0 0 0 0 0 0 0 0 0 6036 7270 4148 4587 4128 3262 4044 2676 2721 3345 2687 3771 2602 3101 2572 2499 1621 1515 1517 1242 991 1164 1043 867 723 753 735 826 751 706 769 816 903 971 929
Ali M 0 0 0 0 0 0 0 0 0 0 0 0 0 0 0 0 0 0 0 0 0 0 0 0 0 0 0 0 0 0 0 0 0 0 3752 0 0 0 0 0 0 0 0 0 4953 0 4826 3772 4135 0 3583 3754 0 3630 4196 0 4030 2898 3170 3475 2866 3123 0 2954 2305 2987 4004 3729 4182 3013 2205 2832 1933 2036 1753 1977 2173 2187 1956 1617 1653 1519 1397 1336 1112 1096 1296 1229 1034 930 919 709 733 753 642 650 579 605 516 463 538 557 525 547 531 521 527 513 504 489 473 480 477 478 461 445 426 398 394 392 381 373 319 345 379 382 359 387 397 373 357 371 354 350
Allison F 0 0 0 0 0 0 0 0 0 0 0 0 0 0 0 0 0 0 0 0 0 0 0 0 0 0 0 0 2088 0 2773 1784 1717 2819 2260 2381 1577 2314 1450 1986 1812 1475 2183 1942 2206 2188 1303 1723 1832 2583 2107 2100 1751 2154 1481 1329 1343 1536 1473 1423 1591 1383 1411 1341 1187 1154 911 875 748 703 688 526 535 512 520 501 463 434 284 263 277 260 242 230 181 128 184 209 202 194 133 119 115 105 99 89 67 66 75 70 59 57 58 59 51 46 42 44 46 46 48 50 48 41 34 34 38 39 38 40 44 44 44 46 40 45 47 46 32 30 38 40 38 34
Amy F 108 118 111 111 123 112 126 120 140 137 135 135 131 146 132 147 148 148 147 159 166 180 181 189 188 186 198 208 218 229 226 230 235 247 245 239 248 253 264 258 263 267 263 263 266 281 301 316 355 353 332 343 343 365 352 355 342 355 338 329 322 320 319 327 319 326 328 329 311 238 218 200 175 154 139 134 122 114 97 85 77 68 61 54 44 35 30 12 13 6 5 5 5 2 2 2 2 3 4 5 8 6 10 12 13 20 22 24 29 35 38 43 51 66 77 76 88 92 96 105 105 114 110 120 106 111 127 119 132 130 136 143 145 139
Audrey F 0 531 804 530 408 384 431 348 379 314 271 305 310 312 305 279 280 285 274 247 228 251 203 177 177 184 180 172 163 165 162 155 145 136 138 127 119 117 118 115 103 82 89 85 84 78 59 62 60 58 63 64 61 59 69 64 68 85 87 98 99 117 120 140 150 143 149 146 157 161 158 167 168 166 149 143 149 149 164 166 174 185 188 199 196 200 183 187 212 221 240 259 279 271 259 258 239 256 234 220 212 205 177 185 184 186 180 184 180 170 161 169 176 160 162 167 164 155 145 134 115 112 100 78 80 77 69 51 44 49 52 43 41 32
Austin M 224 177 198 250 192 225 208 237 189 194 209 193 206 278 234 241 232 237 218 225 252 207 225 261 233 220 216 283 229 211 234 255 232 233 237 234 239 250 242 259 253 268 265 266 277 274 274 275 287 293 290 295 332 315 347 364 345 349 390 390 366 378 354 361 391 381 399 426 435 485 429 429 474 484 471 514 505 500 551 562 552 550 558 534 543 533 540 522 543 576 507 502 512 476 454 376 333 285 237 228 211 173 156 131 117 107 90 76 63 59 55 50 38 26 17 10 9 9 10 13 23 25 26 33 35 38 41 48 55 64 64 60 58 65
Ben M 59 56 55 56 52 62 56 58 47 43 55 61 60 62 62 63 69 66 69 73 73 73 79 82 83 84 83 82 78 84 79 86 102 108 110 113 119 129 128 127 137 139 139 148 141 153 157 156 156 159 154 163 156 164 169 161 168 175 172 189 179 190 186 193 199 201 210 215 214 235 250 254 256 253 256 253 268 258 263 261 257 257 238 249 261 277 282 316 300 321 316 323 309 324 326 307 303 308 312 333 349 345 389 388 389 412 411 426 436 449 515 540 536 558 613 569 579 537 566 537 560 549 548 530 529 543 553 611 614 644 692 686 745 749
Benson M 0 0 0 0 0 0 0 673 1158 715 0 0 1053 0 0 1066 0 1206 1272 0 0 0 0 1115 1055 1403 0 0 1011 1267 1816 1522 1017 1429 1216 1034 740 945 1281 1383 1087 1156 1080 1207 1105 1038 1238 1248 1226 1072 1324 1100 1348 1760 1263 1268 1242 1073 1218 1416 1424 1149 1024 1116 1102 1136 1173 1107 971 1059 1164 1122 1021 1085 1052 1239 1091 985 1144 1263 1613 1193 1200 1136 1184 1425 1206 1041 1117 967 1171 1308 1225 1156 1311 1402 1534 1076 1168 1003 1155 1269 1288 1372 1291 1256 1251 1753 1370 1473 1266 1526 1486 1338 1382 1575 1550 1885 1714 1640 1572 1595 1311 1344 1190 1192 1099 1071 1089 1019 822 723 590 577
Brad M 1038 0 0 0 0 0 0 906 0 0 0 0 0 0 0 0 0 0 0 0 0 0 0 0 0 0 0 0 0 0 0 0 0 0 3712 0 0 4528 4130 0 2745 0 0 0 0 4788 3109 0 4091 0 3002 2625 3330 2192 1777 1320 1575 1232 1607 1211 1223 1104 849 823 768 718 506 441 412 384 320 273 212 164 154 153 142 153 150 149 134 141 158 146 142 148 150 155 158 145 140 139 149 137 105 98 108 106 123 115 116 143 163 175 195 212 216 228 277 321 363 402 461 464 517 513 498 521 581 603 634 688 750 813 840 825 907 957 1108 1236 1422 1415 1588 1752
Carla F 0 0 0 0 0 0 0 0 0 0 1514 0 1424 0 0 0 0 0 0 0 1905 1324 1752 2040 0 2184 1313 0 1836 1738 1913 1105 3388 1749 1659 1566 1730 1837 1407 2253 1661 1571 2100 1514 1376 1269 877 806 740 618 554 505 469 482 458 441 412 402 373 342 300 304 287 278 250 222 203 182 180 187 160 147 138 129 135 135 131 128 126 117 110 77 78 82 78 76 77 82 90 91 94 107 106 114 114 122 122 137 132 142 152 160 165 178 189 194 193 226 243 252 263 275 276 303 335 344 360 373 406 410 404 421 386 461 470 509 499 539 585 664 754 746 752 860
Catherine F 31 40 42 36 43 45 45 44 42 42 44 42 42 42 41 38 40 42 41 36 34 38 31 32 31 28 26 25 22 23 22 20 21 22 18 19 20 18 20 24 21 23 24 24 27 29 31 31 33 34 35 36 40 44 42 42 44 47 48 49 53 51 49 48 49 50 48 46 41 37 34 34 34 35 32 28 28 37 38 40 42 48 53 53 54 57 55 55 56 58 59 65 65 67 73 73 72 75 72 78 77 73 73 66 69 65 67 74 69 67 71 72 78 75 83 90 95 96 102 98 81 81 101 106 103 109 121 142 148 176 193 161 166 172
Christina F 189 165 212 212 208 179 199 217 215 190 200 215 231 220 246 250 266 259 263 271 286 283 301 329 288 308 307 307 326 334 348 327 321 326 306 326 326 326 353 321 334 336 336 351 345 351 358 372 352 365 387 377 411 394 378 384 404 411 393 418 350 339 335 288 237 238 231 207 184 160 166 158 155 176 214 184 172 170 165 165 155 132 124 107 88 74 67 53 44 37 35 30 25 16 15 12 14 16 15 14 15 17 19 16 20 12 19 20 22 23 25 31 33 35 39 45 57 62 69 75 73 80 97 110 123 134 158 174 200 222 250 270 283 303
Christopher F 0 0 0 0 0 0 0 0 0 0 0 0 0 0 0 0 0 0 0 0 0 0 0 0 0 0 0 0 0 0 0 0 0 0 0 0 0 0 0 0 0 0 0 0 0 0 0 0 0 0 0 0 0 0 0 0 0 0 3399 4843 3799 3884 2200 2438 3112 1611 2083 1778 1596 1760 1714 1461 2780 2230 1870 2055 1926 1727 1759 1763 1559 1426 1342 1361 1468 1185 1007 901 901 778 710 625 623 579 563 560 590 609 575 581 593 625 483 476 504 491 509 532 578 788 986 1126 1298 1447 1516 1510 1943 2300 2558 2300 2884 3403 4357 3457 1937 3295 3898 5661 4062 6031 10274 7344 6764 8393
Cristian M 0 0 0 0 0 0 0 0 0 0 0 0 0 0 0 0 0 0 0 0 0 0 0 0 0 0 0 0 0 0 0 0 0 0 0 0 0 0 0 0 0 0 0 0 0 0 0 0 0 0 0 0 0 0 0 0 0 0 0 0 0 0 0 0 0 0 0 0 0 0 0 0 0 0 0 0 0 0 0 0 3968 4528 0 0 3536 0 0 3169 1953 1518 2195 1969 1124 1216 1123 1155 1137 994 1117 1106 852 806 682 715 672 651 580 659 603 485 417 357 274 180 138 127 130 145 144 158 160 150 146 146 139 141 132 139 150 162 182 189 217 234
Cynthia F 197 230 261 222 256 261 279 289 316 274 283 309 305 317 368 371 368 329 370 353 360 369 394 394 419 427 393 397 486 425 429 395 369 377 391 407 418 408 398 396 391 392 389 378 358 372 334 324 305 298 257 238 245 218 179 179 184 170 160 152 133 112 101 101 105 90 46 33 27 27 23 20 18 12 10 11 8 7 8 8 9 8 8 10 9 9 11 18 19 23 25 24 26 26 33 40 44 48 50 55 64 59 63 62 62 66 81 84 79 84 88 93 92 95 105 113 101 117 126 145 164 169 176 199 222 221 239 279 312 361 382 428 419 500
Daniel M 25 29 29 25 32 32 33 31 35 36 39 37 41 39 42 40 38 39 45 42 44 48 45 50 49 50 48 52 54 54 54 53 53 54 55 55 55 54 52 51 52 49 47 47 47 44 46 46 47 47 47 44 42 42 42 43 42 39 39 38 34 31 28 25 25 24 21 22 22 22 21 21 20 20 18 17 18 16 16 18 17 17 17 19 19 17 19 19 18 18 19 20 15 11 11 11 10 11 11 12 11 10 10 8 6 5 6 7 8 6 5 6 7 7 8 9 11 11 12 9 9 9 10 8 7 7 6 5 5 7 8 10 11 10
Danielle F 0 0 0 0 0 0 0 0 0 0 0 0 0 0 0 0 0 0 0 0 0 0 0 0 0 0 0 0 0 0 0 0 0 0 0 0 0 0 0 0 0 0 0 0 0 0 0 0 0 0 0 0 0 0 0 0 0 3100 736 817 1199 916 1046 973 952 777 683 745 829 817 915 811 660 671 717 688 641 725 806 693 553 375 378 363 278 235 228 197 133 111 114 99 73 49 40 42 33 31 31 33 33 30 31 29 16 18 16 14 17 17 18 17 18 18 20 24 29 34 41 43 48 63 71 82 91 102 116 123 141 169 195 207 232 262
Dawn F 0 0 0 0 0 0 0 0 1420 0 1188 0 1252 0 1648 0 1387 0 0 0 0 0 0 0 2091 2160 1892 2001 1650 0 1899 1928 1331 1742 1112 864 902 950 1036 887 790 756 715 644 634 643 529 503 502 441 454 379 355 361 373 310 268 290 289 288 303 278 266 253 268 247 223 208 208 209 191 188 164 138 124 103 92 93 84 54 57 49 50 52 33 26 24 27 21 21 16 14 20 21 22 23 35 43 52 57 67 79 95 106 142 165 184 232 248 305 359 385 412 498 583 667 795 681 806 920 912 1163 1085 1103 1355 1619 1646 1763 1882 1882 2160 2082 2134 2359
Derin M 0 0 0 0 0 0 0 0 0 0 0 0 0 0 0 0 0 0 0 0 0 0 0 0 0 0 0 0 0 0 0 0 0 0 0 0 0 0 0 0 0 0 0 0 0 0 0 0 0 0 0 0 0 0 0 0 0 0 0 0 0 0 0 0 0 0 0 0 0 0 0 0 0 0 0 0 0 0 0 0 0 0 0 0 3926 2923 3190 2114 0 3853 3453 0 4316 4962 4104 4662 0 4076 3358 5221 4818 3358 3422 2879 4141 2566 2853 2705 4704 3963 4339 5412 5566 5677 4463 4708 3791 6495 3819 6414 4515 4252 4004 4077 3432 4288 3202 4338 3470 3797 3049 3759 3960 4387
Devon M 0 0 0 0 0 0 0 0 0 0 0 0 0 0 0 0 0 0 0 0 0 0 0 0 0 0 0 0 0 0 0 0 0 0 2232 3030 2234 2167 1977 1518 1491 1686 1749 1687 1878 1479 1256 1367 1515 1265 1185 1138 1191 1279 1230 1035 1160 1136 1055 1288 1150 1162 1351 1210 1208 1159 1268 1384 1337 1268 1082 1211 1019 1150 1015 1007 1113 1231 1141 1045 958 952 843 756 719 726 672 614 598 604 569 601 571 479 417 450 447 371 378 395 392 426 376 276 255 239 226 209 190 178 151 132 123 127 117 119 127 119 119 125 133 147 160 160 175 191 197 210 243 277 312 352 397 446
Devon F 0 0 0 0 0 0 0 0 0 0 0 0 0 0 0 0 0 0 0 0 0 0 0 0 0 0 0 0 0 0 0 0 0 0 0 0 0 0 0 0 0 0 0 0 0 0 5457 0 0 0 0 4191 4945 0 0 4728 0 4153 0 0 0 4945 4034 0 2476 1923 3370 2504 1730 2055 1542 1460 1884 1305 1619 1576 1731 1676 1787 1814 1913 1562 1796 1176 1425 1253 1220 1334 1177 1223 1170 1162 1149 1283 1201 1080 1021 543 307 317 335 406 435 384 422 503 492 508 504 395 279 233 301 298 371 314 404 437 504 560 658 802 834 767 848 965 1271 1299 1577 1800 1839 1901 2079 2238
Edric M 0 0 0 0 0 0 0 0 0 0 0 0 0 0 0 0 0 0 0 0 0 0 0 0 0 0 0 0 0 0 0 0 0 0 3639 0 0 0 0 4642 0 0 0 0 0 0 0 0 0 0 0 0 0 0 0 0 0 0 0 0 0 0 0 0 3769 0 0 0 0 0 0 0 0 0 0 3129 0 4396 3837 3888 3254 0 3914 3937 2804 3167 0 2908 2527 2647 2275 1848 2755 1902 2893 2256 3401 2340 2253 2027 2042 2470 2403 2872 2676 3163 4717 4145 3293 2757 4593 3949 4266 6639 3175 4699 3168 5199 3361 5561 4016 3805 4148 3246 3194 3295 3846 3646 4660 3520 3589 2984 4474 2909
Elmer M 41 38 39 40 35 40 35 36 39 34 38 36 36 33 37 34 36 34 40 37 38 38 40 40 39 41 42 44 44 45 48 48 47 45 46 45 45 45 44 44 45 48 54 57 57 61 61 61 63 70 80 82 94 101 108 115 121 120 130 132 144 148 158 154 164 170 178 201 203 215 227 226 246 268 273 261 286 291 328 337 343 363 388 398 407 405 426 434 435 449 476 486 503 539 537 590 599 640 653 619 682 688 712 702 678 757 746 723 728 767 693 699 677 729 785 740 711 713 758 888 865 755 775 662 861 838 902 865 1059 929 1017 1056 1249 1160
Erin F 0 0 0 0 0 0 0 0 1403 1239 985 0 0 0 1630 1030 1528 1071 1085 0 1399 0 1539 1189 1610 1379 1300 1605 2321 1085 1733 1753 1520 1300 1427 1331 1472 1361 1732 1516 1694 1567 2361 1373 2116 3295 3198 2403 2075 3938 3262 3149 2105 1884 1633 1761 1853 1479 1243 1533 1506 1199 1244 1210 1111 1128 1036 978 1183 1030 1049 943 1002 1032 703 715 533 275 259 248 265 269 276 255 229 221 207 185 174 114 111 93 93 79 47 38 24 23 21 21 20 19 20 18 25 26 30 34 37 40 43 44 46 48 45 49 51 52 57 58 60 60 72 80 95 112 131 141 162 194 215 233 263 273
Ernest M 26 25 27 23 25 21 25 23 27 23 22 22 26 23 24 24 29 27 28 28 30 28 29 30 32 31 28 30 31 34 31 32 32 34 38 35 36 37 37 36 37 38 37 38 37 37 37 41 43 43 43 47 47 50 51 56 56 53 55 55 58 61 61 61 59 60 71 75 75 76 81 83 87 87 88 90 94 101 113 118 120 123 127 122 124 124 122 128 130 130 143 143 147 149 150 161 160 161 172 170 180 193 200 199 203 220 233 244 239 265 283 301 337 366 392 460 438 461 485 535 512 577 591 598 596 651 729 760 794 853 924 849 919 934
Gavi M 0 0 0 0 0 0 0 0 0 0 0 0 0 0 0 0 0 0 0 0 0 0 0 0 0 0 0 0 0 0 0 0 0 0 0 0 0 0 0 0 0 0 0 0 0 0 0 0 0 0 0 0 0 0 0 0 0 0 0 0 0 0 0 0 0 0 0 0 0 0 0 0 0 0 0 0 0 0 0 0 0 0 0 0 0 0 0 0 0 0 0 0 0 0 0 0 0 0 0 0 0 0 0 0 0 0 0 0 0 0 0 0 0 0 0 0 0 0 0 0 0 0 0 0 0 0 0 0 0 0 0 0 0 0
Greg M 0 0 0 0 0 0 0 0 0 0 0 0 0 0 0 0 0 0 0 0 0 0 0 0 0 0 0 0 0 0 0 0 0 0 0 3266 0 0 0 0 4090 4704 3739 0 4147 2689 0 3058 2994 0 2719 2775 2764 2907 1760 1621 1176 1133 908 824 823 709 633 516 445 314 212 172 178 214 229 247 242 238 226 210 182 127 105 90 83 77 77 81 95 105 125 140 142 151 154 161 173 181 201 218 237 250 278 326 336 366 385 400 421 477 544 539 663 654 710 777 795 875 956 981 1081 1204 1161 1386 1528 1491 1687 1697 1551 1553 1904 2224 2052 2361 2892 2674 3023 2499
Gregory M 1000 830 0 0 1057 1034 807 0 1111 929 589 0 773 746 703 772 751 820 595 638 768 496 769 765 577 682 601 527 495 512 577 494 488 471 466 475 479 450 449 466 450 452 408 442 407 408 376 376 357 372 364 342 327 333 299 282 272 234 223 203 189 183 166 163 152 96 56 33 32 31 25 25 24 24 25 24 24 23 23 23 24 23 21 21 22 23 23 25 26 26 26 26 26 26 31 33 35 35 38 42 42 46 40 42 44 45 46 47 50 52 51 55 60 65 76 84 98 103 109 122 138 157 169 185 194 202 208 223 236 247 268 279 289 298
Helene F 411 380 412 382 396 393 376 393 392 365 340 304 363 326 316 313 292 274 318 317 278 266 321 283 292 273 274 275 303 272 255 232 232 234 230 232 228 230 235 249 252 264 262 271 282 300 297 299 295 300 273 305 295 308 313 309 289 291 300 303 302 305 296 328 316 315 323 324 340 342 352 361 370 399 403 398 433 442 433 454 467 496 527 510 532 566 611 722 809 826 946 1017 1072 1040 1164 1359 1251 1411 1609 1513 1562 1524 2109 1912 1899 2299 2332 2055 2316 2139 2393 2204 2601 2477 2730 2766 2742 3140 3147 3285 4354 2988 3432 1827 2953 3489 3448 3459 4834 4742 4062 3881 5028 3709
Ilan M 0 0 0 0 0 0 0 0 0 0 0 0 0 0 0 0 0 0 0 0 0 0 0 0 0 0 0 0 0 0 0 0 0 0 0 0 0 0 0 0 0 0 0 0 0 0 0 0 0 0 0 0 0 0 0 0 0 0 0 0 0 0 0 0 0 0 0 0 0 0 0 0 0 0 0 0 0 0 0 0 0 0 0 0 0 4205 4286 3405 3912 3789 2680 3840 2911 2677 2618 2839 2295 2981 2631 4654 2918 2243 2563 2054 2132 2885 2642 2302 2826 2748 2826 2803 3401 2608 2290 2811 2282 2585 2575 2280 2313 2706 2851 1129 1779 1934 1886 1395 1586 1610 1770 1637 1626 1692
Isabelle F 165 164 176 175 165 183 170 193 182 191 189 205 174 177 193 190 208 184 195 206 211 207 207 199 202 192 179 188 185 182 176 191 187 186 180 178 192 190 213 210 213 222 230 244 241 249 265 275 283 294 316 322 334 342 393 410 431 490 537 544 503 558 559 596 604 640 728 687 771 830 875 813 869 893 988 1014 1101 1001 1186 1027 1092 1078 1101 1166 1083 1227 1269 1422 1553 1583 1671 1923 1589 2045 1867 1773 1985 2294 2415 2332 2113 2144 2815 2120 1778 2298 1884 1423 1240 1180 1043 972 835 748 548 487 370 251 196 162 144 113 111 109 107 96 84 79 93 100 105 114 126 115
Jacob M 39 39 47 49 50 52 54 56 58 67 66 69 73 65 68 74 83 88 81 92 101 98 96 103 89 98 114 101 107 102 117 117 110 117 113 121 123 130 132 137 143 143 148 159 163 166 177 173 196 203 212 217 218 213 219 241 228 223 240 261 236 257 252 281 283 294 304 301 292 308 318 311 297 288 306 303 322 331 341 330 352 351 369 352 344 347 351 351 324 296 252 223 155 122 88 75 63 56 50 45 43 43 41 36 37 35 32 31 28 26 20 17 15 9 7 4 3 2 2 1 1 1 1 1 1 1 1 1 1 1 1 1 1 3
Jake M 141 133 142 130 149 135 146 140 143 134 187 165 141 209 176 173 185 154 145 184 172 184 171 177 208 194 214 185 186 199 184 241 257 250 262 254 263 306 274 295 296 300 313 318 332 330 358 355 376 363 384 383 392 385 399 413 392 431 422 418 436 426 438 491 464 460 457 489 501 488 483 507 537 555 558 625 649 621 606 639 624 619 639 629 664 632 676 725 667 669 664 622 480 439 449 431 370 373 362 357 332 325 299 268 278 221 171 166 165 152 140 119 119 111 106 108 114 101 102 97 96 100 102 98 98 103 108 112 111 125 115 129 153 166
James M 3 3 3 3 3 3 3 3 3 3 3 3 3 3 3 3 3 3 3 3 3 3 3 3 3 3 3 3 3 3 2 3 3 3 3 3 3 3 3 3 4 4 4 4 4 4 3 3 3 2 2 2 2 2 2 2 2 2 2 2 1 1 1 1 1 1 1 1 1 1 1 1 1 2 2 3 2 2 3 3 3 4 4 4 4 4 3 3 4 3 2 2 3 4 5 4 5 5 5 5 5 7 6 6 7 7 7 8 9 9 8 7 9 14 14 17 17 17 18 19 18 19 18 18 17 17 16 15 17 18 19 17 14 13
Jason M 386 352 408 517 355 473 391 476 411 442 588 469 515 804 380 409 803 638 492 1122 665 703 595 638 740 714 621 965 907 733 588 609 652 691 662 658 643 618 610 691 756 656 654 639 623 603 623 643 677 535 587 655 611 644 632 656 587 665 621 709 609 682 569 538 573 547 591 587 491 454 467 489 469 422 411 365 351 367 312 291 259 242 212 196 155 111 89 54 47 25 13 8 7 3 2 2 2 2 2 3 3 4 4 7 11 14 18 23 27 35 47 49 46 45 46 41 41 41 40 40 39 41 42 42 47 51 55 59 60 66 69 71 76 79
Janet F 299 292 298 270 310 295 278 279 285 325 286 268 308 318 294 301 289 279 278 336 326 288 292 289 279 263 282 237 226 232 216 186 177 162 163 158 142 136 129 126 124 124 129 121 117 111 110 111 95 82 53 45 35 25 21 22 21 18 16 17 19 18 19 20 21 21 21 23 24 23 18 19 19 19 19 20 21 23 28 28 32 32 35 40 48 55 57 61 73 84 96 112 111 119 130 139 142 147 159 160 172 175 182 190 207 207 214 204 220 227 223 236 231 259 278 297 338 364 371 429 411 413 457 506 452 560 561 658 718 805 891 953 1158 1256
Jerry M 99 121 133 118 120 120 118 131 163 130 137 129 136 129 126 154 172 137 128 142 113 141 131 158 120 121 142 141 128 138 130 140 147 150 144 147 145 150 147 147 144 141 135 131 123 107 97 93 78 61 51 43 34 31 25 22 18 17 17 16 14 14 16 17 19 20 20 20 21 23 24 24 26 29 31 33 35 35 35 36 37 37 38 38 40 41 41 41 44 45 45 50 53 57 61 65 67 75 82 85 94 97 100 103 111 116 121 125 130 142 146 160 183 186 192 200 194 212 228 246 264 261 287 287 293 315 318 323 319 370 384 393 446 450
Jessie F 37 34 37 40 42 40 41 41 43 43 43 48 46 48 55 48 57 52 55 54 53 55 54 55 60 57 58 60 58 63 63 66 65 61 64 66 69 70 75 75 84 91 87 93 91 97 93 96 109 110 114 123 126 127 129 135 140 144 150 155 158 165 167 178 177 185 207 219 227 231 244 249 271 277 305 314 335 361 375 391 434 450 460 484 476 433 425 495 538 549 555 517 534 495 491 473 440 420 338 325 303 219 225 269 251 234 204 215 227 239 254 249 256 250 226 249 296 338 379 384 399 454 432 477 484 567 558 606 621 694 683 686 640 592
Jim M 49 47 45 52 55 47 49 50 56 58 62 63 64 74 70 71 71 75 77 70 68 82 77 83 86 95 90 90 118 106 100 134 149 154 174 170 177 163 165 158 166 165 169 167 160 147 143 136 137 132 125 116 104 98 90 90 85 83 81 75 78 80 74 75 67 68 73 77 86 108 139 164 172 175 174 166 148 106 87 70 75 78 85 92 101 117 136 151 177 190 204 245 274 302 325 371 373 391 410 414 485 466 482 501 542 607 596 584 646 711 689 755 742 816 809 862 877 995 1069 1216 1160 1265 1193 1351 1397 1540 1536 1837 1725 2191 2109 2155 2273 2182
Julie F 348 351 383 380 362 490 452 515 494 407 486 462 456 466 480 557 518 450 536 510 518 531 475 516 464 447 502 487 449 505 475 485 520 458 422 468 464 496 470 500 482 498 499 472 505 467 480 495 478 449 419 420 403 380 342 335 284 286 257 232 180 170 157 156 162 155 128 124 117 113 111 99 85 74 70 67 48 28 23 26 28 23 22 22 16 14 13 16 16 12 11 10 12 12 14 18 21 22 26 29 32 37 41 46 52 55 58 65 71 78 93 98 106 119 129 140 150 164 168 178 190 225 218 242 261 283 298 304 335 353 389 395 384 404
Justin M 711 739 0 0 901 666 723 0 729 754 547 729 907 523 534 1026 506 601 537 745 586 824 826 673 573 625 651 676 622 772 714 608 481 562 548 503 510 482 497 481 611 532 527 566 489 536 544 517 555 577 568 686 666 582 746 726 782 708 651 610 663 629 610 617 593 541 540 554 569 504 608 605 535 540 500 469 456 444 448 429 418 361 346 347 352 354 335 291 211 167 138 103 60 51 43 37 33 30 28 22 13 12 12 12 13 15 14 9 7 8 9 14 18 20 20 18 20 20 20 20 19 22 22 27 30 36 45 44 44 46 50 59 74 85
Keith M 0 0 0 0 0 0 0 0 957 920 849 0 906 551 644 1025 570 900 941 536 633 521 482 460 552 350 389 321 352 369 410 355 272 262 251 236 224 216 214 194 176 153 157 145 150 145 148 141 139 138 130 123 132 127 125 125 122 123 120 117 125 119 123 108 104 108 96 91 89 85 78 59 49 47 45 39 36 36 37 39 35 35 36 33 34 35 32 34 35 36 38 37 38 41 44 49 48 48 49 52 56 58 59 61 61 64 66 69 70 70 80 89 102 109 126 142 159 169 190 206 222 237 248 251 252 285 276 298 314 329 346 368 361 394
Kelvin M 0 0 0 0 0 0 0 0 0 0 0 0 0 0 0 0 0 0 0 0 0 0 0 0 0 0 0 0 0 0 0 0 2387 0 0 4101 0 0 0 0 0 4634 0 0 2914 2837 4509 2799 2446 2885 2911 2051 2744 3871 1439 1135 1060 2035 1776 1440 1487 1652 1558 2229 1944 1517 1573 1440 1268 1091 575 505 435 419 339 321 264 264 277 250 217 209 210 210 215 207 212 215 227 239 254 252 243 244 254 266 266 257 264 300 313 299 283 297 296 279 292 289 291 295 289 308 320 327 330 346 357 393 367 378 389 403 395 403 412 433 434 448 457 479 520 546 549 611
Kern M 0 0 0 0 0 0 0 0 0 0 0 0 0 0 0 0 0 0 0 0 0 0 0 0 0 0 0 0 0 0 0 0 0 0 3506 3237 3716 0 3211 2319 3086 3089 4619 4583 3142 4480 3943 4510 0 0 2910 3561 2955 3118 2468 0 2738 0 2750 2371 2989 0 2320 2227 1847 3566 2604 1759 2075 3158 2888 2290 1678 1692 1990 2362 1798 2427 2560 2145 1940 1849 2228 2757 2461 1880 2535 2171 1993 0 3389 3492 3468 2662 4005 4535 3864 3117 6207 0 5213 6733 6859 0 5876 5453 0 6474 7811 5891 6079 0 7015 9355 7342 0 7519 9998 7976 0 0 8772 0 0 10574 0 0 0 11692 0 0 0 11423 0
Kevin M 0 0 0 0 0 0 0 0 0 0 0 0 0 0 0 0 0 0 0 0 0 0 0 0 0 0 0 0 0 0 0 0 1811 2016 1926 1916 1736 1717 1675 2212 1562 716 797 950 998 854 1016 817 787 716 682 554 534 486 458 417 454 425 354 340 332 280 249 227 231 207 179 160 127 95 73 53 43 36 28 27 22 20 20 14 15 14 14 11 13 13 17 17 17 16 14 14 13 14 14 15 15 13 15 19 23 25 25 25 24 23 21 19 19 19 23 23 25 25 26 25 26 28 32 34 32 32 33 32 34 33 37 39 41 44 58 67 68 72
Lauren F 0 0 0 0 0 0 0 0 0 0 0 0 0 0 0 0 0 0 0 0 0 0 0 0 0 0 0 0 0 0 0 0 0 0 0 0 0 0 0 0 0 0 0 0 4730 0 0 0 0 0 0 0 0 4508 0 3943 0 0 0 4602 3076 3142 2177 2407 1162 355 371 389 387 372 393 404 364 343 313 298 287 234 225 235 239 248 267 250 234 236 244 242 243 232 237 261 262 232 187 144 125 114 80 45 38 35 26 24 21 15 14 16 11 9 10 13 12 12 14 15 16 14 14 12 11 15 13 15 16 21 24 28 30 45 58 62 72 91
Lisa F 0 0 0 0 0 0 1052 0 0 0 0 0 0 0 0 0 1680 0 0 1335 0 0 0 0 1296 2066 0 1725 0 0 1701 1718 2471 1492 2059 2200 2743 2486 2332 2451 2214 2228 2427 2413 1840 2687 1464 2381 2689 1728 1300 1382 1126 1686 1252 1313 1009 956 785 772 735 738 672 590 523 451 425 388 364 318 220 177 125 111 73 48 31 26 19 10 6 2 1 1 1 1 1 1 1 1 2 3 3 5 8 8 9 12 11 13 16 18 23 27 29 36 40 40 43 55 64 83 88 100 123 144 168 194 230 282 294 336 358 372 428 494 501 574 603 691 712 703 710 774
Maesen F 0 0 0 0 0 0 0 0 0 0 0 0 0 0 0 0 0 0 0 0 0 0 0 0 0 0 0 0 0 0 0 0 0 0 0 0 0 0 0 0 0 0 0 0 0 0 0 0 0 0 0 0 0 0 0 0 0 0 0 0 0 0 0 0 0 0 0 0 0 0 0 0 0 0 0 0 0 0 0 0 0 0 0 0 0 0 0 0 0 0 0 0 0 0 0 0 0 0 0 0 0 0 0 0 0 0 0 0 0 0 0 0 0 0 0 0 0 0 0 0 0 0 0 0 0 0 0 0 0 0 0 0 0 0
Mariana F 0 0 0 0 0 0 0 0 1343 1350 1416 0 0 1336 0 1487 1477 0 1813 1323 1359 1383 1360 1356 0 1787 1061 1325 1216 1825 1129 2043 1091 1195 1273 1297 1338 1134 1134 1277 1216 1355 1047 1253 1420 1011 1430 1344 1139 1109 1150 1114 1576 1409 1324 1139 1235 1461 1164 1706 1529 1426 1394 1533 1349 1429 1738 1800 1584 1821 1774 1900 1992 2132 1632 1996 1774 2038 1834 1774 1843 1631 1864 1513 1552 1675 1682 1794 1546 1561 1413 1300 1157 1303 1288 1003 1169 1048 1065 1027 704 761 879 792 805 793 858 793 699 604 508 504 537 495 441 417 414 402 340 338 331 271 255 253 171 165 176 177 198 219 262 295 314 340
Martin M 44 46 48 46 48 49 58 51 54 53 58 56 61 61 66 65 61 60 63 72 70 64 72 77 71 75 75 79 83 79 86 75 75 75 73 79 81 77 81 81 78 78 80 80 82 83 80 87 83 83 83 91 88 89 91 93 92 87 87 91 85 85 85 83 91 90 92 90 88 83 85 81 80 82 79 77 73 69 72 80 77 73 74 62 63 67 78 80 68 78 93 105 117 108 109 119 117 125 126 133 123 127 127 122 127 132 119 118 117 117 113 115 118 124 135 147 152 155 165 173 175 182 192 197 203 206 201 208 221 234 258 262 264 263
Martina F 768 0 851 708 813 868 798 708 990 813 1040 858 772 719 726 820 738 904 803 528 814 777 743 843 604 764 783 906 759 708 702 735 750 785 781 782 817 760 826 711 707 737 800 710 780 796 742 763 655 829 719 727 719 881 724 799 820 920 1009 906 879 792 790 738 760 785 909 870 848 808 835 877 833 821 889 970 878 816 963 866 863 827 729 608 540 569 572 560 590 625 670 677 767 733 855 745 727 799 834 764 740 608 664 587 576 655 630 707 670 781 831 851 897 850 837 894 885 916 922 931 920 1035 1150 1132 1238 1234 1384 1530 1526 1792 1701 1729 1967 1585
Max M 227 175 183 164 177 184 186 175 132 162 144 145 168 139 156 165 123 133 136 126 149 146 142 159 146 149 133 122 119 122 114 106 101 101 99 102 105 104 106 110 112 112 117 122 126 128 137 142 127 127 143 140 143 139 126 128 128 141 140 162 165 169 170 186 194 189 204 217 236 233 240 239 244 258 260 256 266 278 282 299 297 304 327 335 343 376 355 378 382 410 368 402 396 369 381 381 381 392 383 375 364 351 374 342 306 275 243 188 197 185 171 175 170 169 191 195 208 194 158 161 164 159 165 162 164 165 160 141 126 104 98 96 105 111
Mehran M 0 0 0 0 0 0 0 0 0 0 0 0 0 0 0 0 0 0 0 0 0 0 0 0 0 0 0 0 0 0 0 0 0 0 0 0 0 0 0 0 0 0 0 0 0 0 0 0 0 0 0 0 0 0 0 0 0 0 0 0 0 0 0 0 0 0 0 0 0 0 0 0 0 0 0 0 0 0 0 0 0 0 0 0 0 0 0 0 0 0 0 0 0 0 4831 0 0 0 5294 0 4249 0 6737 0 0 6887 7096 4332 7658 5811 0 8753 7753 0 6060 8145 0 9810 10204 10506 0 0 8771 0 10413 0 0 0 0 13202 0 0 12934 8998
Michael M 46 54 57 55 51 46 53 48 46 51 48 54 59 49 50 52 53 57 51 51 51 52 48 47 50 45 46 48 42 47 45 38 42 40 40 43 44 44 45 46 50 47 48 50 54 55 56 52 53 54 54 55 54 53 47 41 33 27 21 18 18 16 13 10 9 9 7 7 6 5 4 4 4 3 1 1 1 1 1 1 2 1 1 1 1 1 1 1 1 1 1 1 1 1 1 1 1 1 1 1 1 1 1 1 1 1 1 1 1 1 1 1 1 1 1 1 1 1 1 2 2 2 2 2 2 2 2 2 2 3 3 6 7 7
Mihail M 0 0 0 0 0 0 0 0 0 0 0 0 0 0 0 0 0 0 0 0 0 0 0 0 0 0 0 0 0 0 0 0 0 0 0 0 0 0 0 0 0 0 0 0 0 0 0 0 0 0 0 0 0 0 0 0 0 0 0 0 0 0 0 0 0 0 0 0 0 0 0 0 0 0 0 0 0 0 0 0 0 0 0 0 0 0 0 0 0 0 0 0 0 0 0 0 0 0 0 0 0 0 0 0 0 0 0 0 0 0 0 0 0 0 0 0 8340 0 10187 10490 0 0 11288 8908 11981 8569 12720 10176 9308 7365 6113 12942 10036 9953
Mike M 142 230 155 169 166 159 167 174 185 186 170 195 200 207 175 185 193 169 160 174 158 157 172 157 160 168 146 148 167 151 144 135 145 145 128 129 125 125 127 132 141 145 163 155 164 164 170 180 187 195 196 190 206 203 193 182 174 168 154 129 122 111 106 90 80 70 64 65 68 88 113 128 136 136 130 123 96 53 40 37 36 36 39 44 47 51 69 84 93 112 137 153 178 208 245 280 301 344 367 386 401 400 471 480 494 460 487 511 469 475 507 513 544 614 616 562 533 564 628 632 599 613 597 640 625 689 685 755 759 832 869 873 861 880
Miles M 218 244 258 254 272 228 285 273 274 296 246 240 262 294 229 317 283 269 230 289 277 286 283 285 285 338 460 333 344 366 347 405 399 391 425 395 372 366 381 354 390 401 344 385 401 382 373 413 405 434 462 437 402 440 454 449 412 458 451 444 470 467 469 500 488 470 445 414 410 398 376 390 395 407 375 411 423 436 434 447 442 451 409 438 448 454 516 524 525 520 533 569 555 544 557 532 585 554 544 465 490 482 416 446 407 394 275 262 265 264 269 273 283 269 288 328 317 296 253 280 257 244 239 228 220 210 199 189 167 161 137 115 111 115
Miranda F 0 592 941 773 811 959 926 743 1068 812 1246 1248 976 0 1551 1481 1472 1198 1417 1058 1015 0 0 0 0 1774 1611 0 0 1514 2214 0 2445 3359 2716 3975 2280 2134 2883 2873 2504 3236 4144 3186 4115 2668 4007 2749 0 3797 4199 0 0 0 2997 0 2935 3929 3999 3918 3617 1829 2242 2187 2658 4193 2112 2565 1969 2293 1771 1615 1722 1360 1128 1182 1161 791 973 863 1041 921 1002 844 1036 847 778 762 643 680 711 609 537 520 275 275 231 222 183 173 128 128 117 118 114 129 137 140 144 130 112 90 89 89 61 57 76 70 80 94 112 128 146 158 128 145 139 154 164 182 174 199 213 245
Mitchell M 291 381 287 300 297 313 351 315 270 391 318 309 311 284 283 330 308 289 303 340 287 321 262 314 330 292 331 324 296 262 271 298 315 283 264 268 274 261 259 277 271 272 285 291 297 306 305 333 317 350 363 332 351 376 336 327 334 344 328 317 313 306 271 268 259 254 235 231 217 189 182 175 157 149 140 137 136 125 127 126 126 118 128 127 138 159 163 159 166 169 179 190 179 187 183 192 187 183 185 174 164 141 135 143 125 115 105 101 95 93 93 96 91 81 71 79 88 96 103 111 132 156 177 196 213 236 275 304 335 359 387 418 462 456
Morgan F 0 0 0 0 0 0 0 0 0 0 0 0 0 0 0 0 0 0 0 0 0 0 0 0 0 0 0 0 0 0 0 0 0 0 0 0 0 0 5037 0 0 0 0 0 0 0 0 0 0 0 0 0 0 0 0 0 0 4456 0 0 0 0 0 0 4229 0 3088 0 0 5513 5542 3155 5116 4738 3567 2880 3558 4022 2389 3150 2319 2044 3482 2643 1760 1696 1992 1757 2006 1470 1377 1308 1547 1196 1166 1043 918 730 632 459 243 162 169 167 132 127 113 95 78 69 58 49 41 34 25 23 25 22 23 24 25 29 29 29 31 33 35 43 46 56 63 75 82 100
Morgan M 288 343 365 404 302 337 303 410 408 363 369 402 418 385 312 372 393 349 368 323 405 492 432 383 522 389 446 518 414 432 395 386 445 421 431 472 448 425 458 506 481 455 515 496 497 480 482 500 528 503 578 494 484 508 527 500 523 570 542 560 507 596 582 570 540 573 527 515 608 618 630 544 542 588 546 517 529 567 556 526 497 553 500 536 523 535 507 461 468 434 446 463 454 486 478 476 448 407 391 349 290 275 313 314 290 298 304 283 281 294 278 288 287 312 272 236 243 266 298 317 332 349 373 361 309 334 365 404 416 459 517 536 582 663
Naveen M 0 0 0 0 0 0 0 0 0 0 0 0 0 0 0 0 0 0 0 0 0 0 0 0 0 0 0 0 0 0 0 0 0 0 0 0 0 0 0 0 0 0 0 0 0 0 0 0 0 0 0 0 0 0 0 0 0 0 0 0 0 0 0 0 0 0 0 0 0 0 0 0 0 0 0 0 0 0 0 0 0 0 0 0 0 0 0 0 0 0 0 0 3211 4700 3646 5002 3551 4751 2970 3634 2877 3679 3540 3263 4325 3665 3959 4698 3396 4080 4488 4552 3985 3707 4153 3332 5670 2466 4071 3735 3241 3252 3946 3658 4037 3341 2745 3327 2952 2757 2585 3621 3127 2266
Nicholas M 177 203 193 174 194 195 162 158 157 191 175 164 167 162 192 187 156 177 172 196 200 168 156 184 177 171 144 143 113 133 137 120 113 110 102 104 107 109 113 122 124 113 122 120 122 132 133 137 140 142 147 146 163 160 165 158 157 159 161 156 153 146 141 148 150 151 144 143 142 136 124 121 127 131 134 141 146 152 153 156 152 158 154 155 158 149 139 130 117 123 123 123 99 85 81 81 77 51 25 15 17 21 21 21 20 19 17 16 14 14 14 12 12 8 9 6 6 6 6 5 6 6 9 12 13 15 17 20 29 32 37 42 49 54
Nick M 267 253 288 276 247 269 251 308 252 289 254 252 303 384 286 342 339 288 316 339 297 272 319 275 255 275 237 231 228 250 208 220 219 211 196 177 182 177 173 188 193 182 178 198 189 203 215 216 216 216 210 231 241 231 248 255 264 275 278 272 277 273 258 252 267 266 268 264 293 325 328 323 335 340 342 338 334 282 267 247 242 256 257 261 273 281 279 276 285 298 303 330 325 320 344 370 382 381 389 412 473 488 521 521 509 552 521 550 610 631 668 734 688 704 751 734 832 931 827 777 768 825 833 852 853 814 814 894 887 999 1101 1159 1157 1080
Nishant M 0 0 0 0 0 0 0 0 0 0 0 0 0 0 0 0 0 0 0 0 0 0 0 0 0 0 0 0 0 0 0 0 0 0 0 0 0 0 0 0 0 0 0 0 0 0 0 0 0 0 0 0 0 0 0 0 0 0 0 0 0 0 0 0 0 0 0 0 0 0 0 0 0 0 0 0 0 0 0 0 0 0 0 0 0 0 0 0 0 0 0 0 0 0 0 0 0 0 0 3417 3922 5097 3012 6573 3536 3884 5492 4688 4890 4072 5981 3521 3799 3555 3629 3904 3878 4121 5573 4837 3561 3248 5478 4316 3895 3848 4031 4281 4178 4780 5310 5025 6353 5440
Patrick M 67 75 70 75 78 77 72 76 81 74 75 77 86 79 85 83 93 87 93 86 89 93 98 92 97 110 100 111 120 135 129 127 144 148 149 164 154 154 160 166 159 151 152 147 147 143 141 140 131 121 118 111 114 110 109 112 100 94 88 79 74 70 64 69 64 63 59 53 48 39 38 39 37 39 38 41 40 41 42 43 45 39 40 35 30 31 31 30 30 31 33 35 35 37 38 39 41 40 42 39 38 38 37 37 36 37 39 41 42 38 36 35 39 43 42 43 44 50 57 63 68 72 79 91 100 108 110 116 127 129 129 143 142 154
Pavitra F 0 0 0 0 0 0 0 0 0 0 0 0 0 0 0 0 0 0 0 0 0 0 0 0 0 0 0 0 0 0 0 0 0 0 0 0 0 0 0 0 0 0 0 0 0 0 0 0 0 0 0 0 0 0 0 0 0 0 0 0 0 0 0 0 0 0 0 0 0 0 0 0 0 0 0 0 0 0 0 0 0 0 0 0 0 0 0 0 0 0 0 0 0 0 0 0 0 0 0 0 0 0 0 0 0 0 0 0 0 0 0 0 0 0 0 0 0 0 0 0 0 0 0 0 0 0 0 0 0 0 0 15255 0 0
Pedro M 299 465 334 415 318 368 349 380 372 348 304 342 360 311 310 402 292 411 377 366 320 291 285 284 294 278 281 257 301 308 268 308 345 372 373 388 392 367 395 383 352 325 315 308 274 280 284 278 257 256 251 287 296 304 283 287 300 300 320 309 316 318 336 323 300 311 309 319 301 299 293 304 306 301 290 310 307 306 306 303 300 316 287 313 296 284 286 269 255 249 257 248 248 243 216 216 218 226 213 214 223 202 204 213 206 196 208 204 204 200 196 194 188 189 189 194 198 207 200 202 209 210 225 224 226 218 219 230 248 269 281 307 317 343
Peter M 31 37 36 36 34 33 42 43 41 45 43 45 45 53 55 53 52 51 54 53 58 56 51 58 62 62 59 61 53 56 56 50 48 51 48 48 50 50 53 57 57 57 57 58 59 60 58 59 56 55 56 61 62 60 61 59 55 52 48 46 43 43 39 39 40 38 38 36 37 38 37 38 36 38 37 35 37 37 41 40 41 42 43 40 39 39 39 39 39 43 44 47 48 52 50 54 54 55 54 53 55 55 57 59 60 60 60 64 64 66 74 77 81 82 87 89 95 102 111 105 125 133 134 145 143 161 167 178 181 189 193 197 204 209
Preston M 241 263 238 208 244 239 283 241 230 266 237 224 254 258 207 230 249 299 239 232 227 187 230 204 230 211 254 248 219 254 223 223 246 258 239 246 247 248 262 257 251 266 261 257 279 277 280 296 289 299 293 304 292 299 287 303 296 285 301 295 288 293 285 291 295 284 305 299 314 292 292 303 299 316 330 324 318 335 349 352 358 372 362 356 367 356 331 348 345 354 355 337 321 349 350 368 309 320 303 293 277 279 265 254 242 238 214 202 201 197 198 217 202 197 193 182 189 177 176 162 142 152 155 154 152 146 114 114 124 120 131 137 130 148
Prithvi M 0 0 0 0 0 0 0 0 0 0 0 0 0 0 0 0 0 0 0 0 0 0 0 0 0 0 0 0 0 0 0 0 0 0 0 0 0 0 0 0 0 0 0 0 0 0 0 0 0 0 0 0 0 0 0 0 0 0 0 0 0 0 0 0 0 0 0 0 0 0 0 0 0 0 0 0 0 0 0 0 0 0 0 0 0 0 0 0 0 0 0 0 0 0 0 0 0 0 0 0 0 0 0 0 0 0 0 0 0 0 0 0 0 0 0 0 9405 5753 7034 8083 6445 6115 5195 4664 7653 5642 4717 6733 5299 4612 5302 5019 6054 9858
Rachel F 109 113 109 121 114 122 130 126 129 134 124 133 122 134 136 130 137 154 138 145 153 135 141 142 152 143 158 154 159 154 150 150 151 145 151 156 153 157 148 149 156 152 154 160 157 165 164 169 178 167 164 161 155 161 163 164 163 163 165 160 165 159 163 170 172 174 197 189 195 191 186 202 184 175 182 185 197 194 201 201 198 186 193 179 173 175 154 105 92 69 58 54 40 42 36 26 23 26 25 27 23 22 21 20 15 13 15 17 19 18 16 14 16 14 13 12 9 13 15 19 21 24 24 28 34 38 48 59 74 89 99 117 132 138
Ralph M 54 45 43 45 40 44 41 39 36 39 32 28 30 31 31 30 30 32 31 29 31 29 28 29 28 27 26 29 25 30 28 24 23 22 21 21 21 21 22 22 22 23 23 23 23 25 24 24 24 26 25 25 27 29 31 32 31 34 35 35 37 38 38 41 42 44 48 50 51 50 52 51 56 59 61 67 67 76 78 84 88 95 97 99 103 103 111 117 127 126 147 148 159 157 174 173 192 187 206 216 230 247 243 249 267 277 286 297 339 347 386 407 441 428 489 502 503 544 585 570 584 610 630 657 710 770 760 868 862 954 968 955 1051 1004
Rasmus M 0 0 0 0 0 0 0 0 1057 0 0 0 0 0 0 0 0 0 0 0 0 0 0 0 0 0 0 0 0 0 0 0 0 0 0 0 0 0 0 0 0 0 0 0 0 0 0 0 0 0 0 0 0 0 0 0 0 0 0 0 0 0 0 0 0 0 0 0 0 0 0 0 0 0 0 0 0 0 0 0 0 0 0 0 0 0 0 0 0 0 0 0 0 0 0 0 0 0 0 0 0 0 0 0 0 0 0 0 0 0 0 0 0 0 0 0 0 0 0 0 0 0 0 11319 0 10471 0 0 0 11321 0 7099 11064 5690
Raymond M 87 74 78 68 62 58 52 47 45 37 36 30 31 29 27 26 24 22 23 22 23 22 21 21 22 21 21 21 20 20 19 19 18 18 16 16 16 16 15 14 15 16 16 15 15 15 15 15 16 15 16 17 19 19 19 17 17 19 20 22 22 22 24 22 22 23 25 27 27 30 31 32 33 34 35 36 39 39 43 45 46 48 47 45 44 45 47 48 50 50 49 52 54 60 62 63 65 65 69 70 66 68 70 72 73 74 77 79 84 86 92 97 104 108 115 124 133 138 141 144 162 163 176 187 188 196 194 201 215 221 225 234 250 264
Rebecca F 92 96 99 103 102 100 95 110 111 114 107 123 124 120 118 122 128 129 136 135 125 146 144 154 146 148 150 160 149 152 154 148 144 158 162 159 169 165 172 170 175 175 173 174 171 181 185 170 183 181 176 171 163 169 165 163 164 166 145 134 96 86 85 87 84 85 68 52 50 40 36 32 30 24 26 27 27 34 41 38 38 44 47 44 46 41 40 39 33 28 29 23 14 10 10 11 12 17 17 17 17 12 15 19 23 25 26 25 26 24 21 21 20 22 24 28 24 26 30 38 39 46 54 63 70 81 96 105 119 132 135 148 157 177
Rishi M 0 0 0 0 0 0 0 0 0 0 0 0 0 0 0 0 0 0 0 0 0 0 0 0 0 0 0 0 0 0 0 0 0 0 0 0 0 0 0 0 0 0 0 0 0 0 0 0 0 0 0 0 0 0 0 0 0 0 0 0 0 0 0 0 0 0 0 0 0 0 0 0 0 0 0 0 0 0 0 0 0 0 0 0 0 0 0 0 0 0 0 0 0 0 2574 2774 3128 2218 1457 1913 1380 1275 1541 1363 1846 1462 1698 1792 1531 1618 1840 1990 1704 1796 1607 1648 1766 2169 1537 1550 1450 1360 1022 1166 977 948 1052 958 937 1073 1114 1270 1315 1242
Roger M 342 297 307 337 271 327 301 255 256 231 229 214 239 253 225 207 215 223 202 199 221 223 209 187 194 226 192 169 185 180 170 139 138 138 126 124 129 119 116 124 103 99 96 95 93 90 89 84 71 64 58 53 50 48 39 36 35 36 31 28 26 25 25 24 23 22 23 25 24 25 27 29 30 31 34 37 41 42 47 47 47 47 48 53 49 49 51 53 55 59 61 71 75 84 93 97 103 114 120 132 134 120 126 145 157 160 167 176 180 196 211 231 214 253 264 278 285 326 347 358 374 369 384 394 413 417 455 467 462 497 510 531 565 556
Rupa F 0 0 0 0 0 0 0 0 0 0 0 0 0 0 0 0 0 0 0 0 0 0 0 0 0 0 0 0 0 0 0 0 0 0 0 0 0 0 0 0 0 0 0 0 0 0 0 0 0 0 0 0 0 0 0 0 0 0 0 0 0 0 0 0 0 0 0 0 0 0 0 0 0 0 0 0 0 0 0 0 0 0 0 0 0 0 0 0 0 7762 8322 0 0 6217 5102 5619 7520 7793 5295 6303 6000 5639 8471 6310 5994 8559 5833 8194 0 0 0 0 0 0 0 0 0 0 0 0 0 0 0 0 0 0 0 0 0 0 0 0 0 0
Russell M 197 180 184 181 133 145 122 133 114 89 94 86 75 75 72 66 64 64 61 56 62 50 53 56 48 57 53 57 56 58 58 55 56 50 49 51 51 52 50 50 51 52 49 52 52 53 52 54 55 56 60 63 63 67 70 68 69 67 70 73 72 75 70 73 63 64 66 69 67 69 67 72 70 71 69 57 52 54 54 55 56 55 57 57 58 57 61 58 56 57 58 64 69 77 83 82 87 89 93 92 92 98 97 104 106 110 116 119 128 136 142 174 185 201 235 239 260 256 299 325 320 307 327 343 362 392 403 407 406 434 403 403 427 432
Ryan M 0 0 0 0 0 0 0 0 0 0 0 0 0 0 0 0 0 0 0 0 0 0 0 0 0 0 805 0 0 0 0 1568 0 2304 2303 0 3237 3009 2426 3807 2480 1993 3298 2813 3566 2204 2208 2953 2183 3632 2100 1942 2016 2231 2035 2265 1975 1929 2686 1465 1632 2007 1362 1174 1403 1080 811 685 738 678 682 678 627 602 633 549 547 462 445 398 406 400 404 311 345 220 171 147 131 134 139 51 39 30 25 23 16 16 14 14 15 13 13 13 12 12 11 13 13 13 11 11 13 13 16 15 16 16 17 12 13 15 16 13 12 14 14 16 18 19 23 25 26 30
Saj M 0 0 0 0 0 0 0 0 0 0 0 0 0 0 0 0 0 0 0 0 0 0 0 0 0 0 0 0 0 0 0 0 0 0 0 0 0 0 0 0 0 0 0 0 0 0 0 0 0 0 0 0 0 0 0 0 0 0 0 0 0 0 0 0 0 0 0 0 0 0 0 0 0 0 0 0 0 0 0 0 0 0 0 0 0 0 0 0 0 0 0 0 0 0 0 0 0 0 0 0 0 0 0 0 0 0 0 0 0 0 0 0 0 0 0 0 0 0 0 0 0 0 0 0 0 0 0 0 0 0 0 0 0 0
Sarah F 10 12 12 12 14 18 16 20 20 20 21 24 28 33 34 33 35 34 37 38 37 40 39 41 43 41 44 48 48 49 40 42 41 43 47 51 52 52 52 46 50 54 51 54 54 58 63 61 64 68 70 71 67 58 67 61 63 65 67 68 60 60 67 71 67 76 92 93 85 84 88 91 93 93 103 108 115 116 117 119 116 113 98 94 92 92 85 83 78 72 65 58 49 35 20 17 15 11 8 6 5 4 4 5 5 5 5 5 4 5 6 6 5 3 5 5 4 4 5 4 5 6 8 12 12 15 15 18 21 21 28 39 43 48
Sarai F 0 0 0 0 0 0 0 0 0 0 0 0 0 0 0 0 0 0 0 0 0 0 0 0 0 0 0 0 0 0 0 0 0 0 0 0 0 0 0 0 0 0 0 0 0 0 0 0 0 0 0 0 0 0 0 0 0 0 0 0 0 0 0 0 0 0 0 0 0 0 0 0 0 5790 0 0 0 0 4584 5710 5254 0 6775 4595 3262 3768 3439 3378 2803 3485 3047 3978 2757 3375 2401 2573 2036 1807 2059 1560 1447 1517 1375 1400 1199 1081 1128 965 1084 962 882 808 797 735 730 630 589 600 616 564 560 547 518 463 473 463 443 398 404 400 423 443 415 419
Sherman M 216 222 235 225 193 197 200 160 187 217 200 166 199 202 153 194 162 214 201 202 199 214 201 212 202 228 232 239 182 192 226 231 237 221 236 233 229 233 239 245 248 257 242 249 251 255 258 246 247 243 256 258 261 247 258 229 233 220 229 221 231 231 244 261 260 255 283 287 274 287 259 269 279 286 307 297 323 336 308 343 325 357 357 376 372 384 412 397 411 407 414 411 411 457 438 429 461 463 452 491 483 497 515 527 577 627 647 689 719 703 793 754 792 889 891 1045 1050 1037 1197 1449 1233 1401 1681 1660 1857 1837 1879 2340 2208 2533 2789 2899 2677 2883
Shubha F 0 0 0 0 0 0 0 0 0 0 0 0 0 0 0 0 0 0 0 0 0 0 0 0 0 0 0 0 0 0 0 0 0 0 0 0 0 0 0 0 0 0 0 0 0 0 0 0 0 0 0 0 0 0 0 0 0 0 0 0 0 0 0 0 0 0 0 0 0 0 0 0 0 0 0 0 0 0 0 0 0 0 0 0 0 0 0 0 0 0 0 0 0 0 0 0 0 0 0 0 0 0 0 0 0 0 11190 0 0 0 0 0 0 0 0 0 0 0 0 0 0 0 0 0 0 0 0 0 0 0 0 0 0 0
Sierra F 0 0 0 0 0 0 0 0 0 0 0 0 0 0 0 0 0 0 0 0 0 0 0 0 0 0 0 0 0 0 0 0 0 0 0 0 0 0 0 0 0 0 0 0 0 0 0 0 0 0 0 0 0 0 0 0 0 0 0 0 1316 1612 2555 2004 2303 2354 3059 5383 3162 0 5407 0 5659 0 4322 4430 4520 4985 4962 5679 0 4937 5380 3820 4690 5356 5360 3235 7188 4772 3041 2885 2832 1989 1633 1383 1236 1000 903 923 844 834 779 805 717 214 169 173 181 155 141 138 129 91 71 60 62 56 51 49 53 55 62 73 92 105 140 168 175 198 214 277 278 346
Stephanie F 0 0 0 0 0 0 0 0 0 0 0 1351 1023 1104 1148 1215 909 701 927 844 726 798 981 566 602 580 604 554 438 473 421 373 355 358 315 308 302 309 333 364 371 382 460 432 464 559 544 632 632 706 680 711 575 639 568 513 496 452 442 397 319 293 268 238 220 218 176 171 137 128 122 129 123 123 123 114 111 110 113 101 91 78 69 64 57 44 38 25 23 19 17 11 8 9 9 9 11 14 16 15 13 8 7 8 6 6 6 6 7 8 7 7 8 10 15 16 20 23 29 37 40 43 42 49 55 64 70 88 105 112 126 146 168 194
Stephen M 84 88 81 97 93 93 89 91 98 101 107 106 104 101 103 103 113 94 98 97 128 109 94 96 118 93 103 94 94 90 95 83 88 86 80 86 87 89 96 97 96 97 101 109 110 122 130 125 130 126 138 130 124 126 122 113 99 92 74 65 49 41 32 29 28 26 24 21 20 19 19 19 21 21 20 21 23 24 26 28 27 27 28 29 29 28 26 26 27 27 27 27 29 32 35 34 37 38 37 40 40 39 38 35 35 36 36 38 40 40 39 41 45 47 49 57 59 68 78 86 95 102 114 127 140 142 164 172 192 200 202 229 227 252
Steve M 225 229 203 191 202 204 192 211 178 201 201 211 213 197 184 204 171 192 179 180 150 192 181 147 156 161 153 147 161 140 135 133 123 121 112 110 108 112 109 125 127 130 130 133 139 144 151 154 162 163 169 173 176 179 176 176 178 172 149 139 121 112 102 93 89 79 69 58 60 68 84 86 85 84 76 72 59 44 44 41 43 45 46 49 51 55 67 79 89 98 113 132 143 160 167 169 167 182 193 193 200 220 229 215 218 234 235 234 248 256 267 290 303 319 345 334 369 385 390 390 393 401 453 446 505 517 536 575 594 611 786 705 753 874
Steven M 425 445 379 503 400 389 398 421 417 502 406 411 417 402 568 503 501 475 387 439 331 383 349 396 418 433 356 376 361 311 302 314 290 299 274 289 258 260 273 269 269 269 280 304 325 288 304 313 299 322 314 318 306 314 302 271 252 224 184 144 119 90 75 58 52 43 28 24 23 20 16 13 11 11 11 10 10 10 10 10 10 10 12 14 12 14 13 14 15 14 15 16 19 20 19 18 20 23 24 27 28 28 26 23 23 24 25 25 24 22 25 27 29 31 34 37 38 40 46 47 54 63 68 70 78 83 90 97 104 106 117 124 112 136
Stuart M 443 506 616 565 578 524 434 395 509 388 536 387 482 448 503 440 442 392 454 438 492 400 442 381 322 356 363 375 524 436 430 416 349 322 338 335 332 326 344 343 323 307 310 289 303 286 297 305 282 281 280 277 250 249 235 236 215 198 199 207 195 173 171 178 192 191 180 178 188 178 185 186 189 185 179 189 186 194 203 168 161 166 175 187 184 195 202 228 239 250 273 269 312 272 276 315 313 323 323 327 335 320 326 310 293 268 300 319 319 323 344 360 427 468 462 514 564 588 661 696 666 722 868 959 1034 1052 1095 1305 1453 1461 1708 1586 1725 1742
Thaminda F 0 0 0 0 0 0 0 0 0 0 0 0 0 0 0 0 0 0 0 0 0 0 0 0 0 0 0 0 0 0 0 0 0 0 0 0 0 0 0 0 0 0 0 0 0 0 0 0 0 0 0 0 0 0 0 0 0 0 0 0 0 0 0 0 0 0 0 0 0 0 0 0 0 0 0 0 0 0 0 0 0 0 0 0 0 0 0 0 0 0 0 0 0 0 0 0 0 0 0 0 0 0 0 0 0 0 0 0 0 0 0 0 0 0 0 0 0 0 0 0 0 0 0 0 0 0 0 0 0 0 0 0 0 0
Thomas M 8 9 8 10 8 10 10 9 12 12 12 12 12 12 12 11 12 11 10 11 11 11 11 10 11 10 10 11 10 10 12 10 10 10 11 10 10 10 10 10 11 11 11 12 11 11 11 11 11 11 11 10 10 10 9 9 8 9 9 9 8 8 8 8 8 8 8 8 8 8 8 8 8 8 8 8 9 9 9 9 9 9 9 9 9 9 10 12 12 13 17 17 20 19 20 20 23 22 23 26 25 26 23 24 25 25 26 24 23 23 26 28 27 27 27 27 28 31 31 31 33 33 36 36 37 40 51 52 52 57 62 63 63 61
Tina F 403 385 336 412 409 355 379 447 380 383 406 457 460 394 429 421 397 409 438 450 464 432 468 483 430 442 493 481 586 522 536 549 544 538 536 556 596 580 625 634 640 654 616 590 630 626 640 579 603 601 569 641 593 633 609 638 609 600 666 554 523 559 471 383 371 327 343 341 325 306 290 271 238 242 230 132 88 80 71 53 46 41 33 35 34 29 23 21 18 22 21 20 18 24 25 35 48 58 45 58 72 80 90 100 111 110 146 150 174 201 240 268 312 324 361 411 439 493 568 574 574 642 666 690 746 783 929 1037 1153 1169 1418 1331 1312 1511
Tommy M 919 659 760 561 855 771 515 392 652 675 511 703 501 459 544 439 500 520 486 402 330 318 348 282 355 330 413 322 287 296 270 322 404 387 346 387 381 341 332 325 309 277 253 254 240 198 192 170 151 144 126 115 109 109 98 95 91 85 77 77 76 71 73 77 70 76 77 79 79 84 94 94 97 95 99 109 115 102 104 108 112 116 109 107 108 119 124 127 124 135 148 149 146 143 155 156 170 177 177 188 197 204 210 224 229 237 239 237 250 263 270 289 302 322 315 310 308 280 297 298 307 331 341 390 393 425 461 488 517 564 594 635 631 659
Truman M 531 376 439 371 489 441 492 687 442 525 425 364 500 436 440 529 440 558 526 720 455 509 478 488 344 384 387 417 375 428 441 404 432 340 371 378 370 376 386 389 371 392 385 412 390 367 403 379 423 393 414 402 413 389 384 387 418 402 445 432 394 462 471 425 435 249 387 470 523 529 634 807 830 851 842 943 1058 993 1084 1246 906 1057 1068 1012 1069 911 1086 956 953 971 1079 927 1135 1252 1229 1434 1238 1197 1488 1573 1592 1729 1885 1598 1505 1335 1565 1507 2601 1679 1636 1634 1846 1378 1325 1327 1121 1228 1113 1117 1009 1093 1075 1000 956 1010 957 969 1068 1077 993 1035 929 947
Tyrone M 0 0 0 0 0 0 0 0 0 0 0 0 0 0 0 0 0 0 0 0 0 0 0 0 0 0 0 0 0 0 0 0 0 0 3304 0 0 3238 3773 0 4346 3007 3271 2795 2833 0 3412 2310 3098 2996 2802 3424 3384 0 0 1764 2646 713 393 270 298 311 332 332 337 308 298 269 237 229 225 218 217 204 206 201 197 195 185 171 191 189 186 183 177 172 168 171 180 138 132 142 144 139 139 146 145 155 168 175 206 205 195 207 216 198 209 215 225 246 260 281 289 305 312 340 355 364 399 424 410 460 506 545 561 575 574 607 655 681 712 806 796 789
Vilda F 0 0 0 0 0 0 0 0 0 0 0 0 0 0 0 0 0 0 0 0 0 0 0 0 0 0 0 0 0 0 0 0 0 0 3214 3825 4452 4621 3891 4281 3612 5146 4035 4405 3409 0 0 3895 0 4084 0 0 0 0 0 0 0 0 0 0 0 0 0 0 0 0 0 0 0 0 0 0 5588 0 0 0 0 0 0 0 0 0 0 0 0 0 0 0 0 0 0 0 0 0 0 0 0 0 0 0 0 0 0 0 0 0 0 0 0 0 0 0 0 0 0 0 0 0 0 0 0 0 0 0 0 0 0 0 0 0 0 0 0 0
Vilde F 0 0 0 0 0 0 0 0 0 0 0 0 0 0 0 0 0 0 0 0 0 0 0 0 0 0 0 0 0 0 0 0 0 0 0 0 0 0 0 0 0 0 0 0 0 0 0 0 0 0 0 0 0 0 0 0 0 0 0 0 0 0 0 0 0 0 0 0 0 0 0 0 0 0 0 0 0 0 0 0 0 0 0 0 0 0 0 0 0 0 0 0 0 0 0 0 0 0 0 0 0 0 0 0 0 0 0 0 0 0 0 0 0 0 0 0 0 0 0 0 0 0 0 0 0 0 0 0 0 0 0 0 0 0
Wen M 0 0 0 0 0 0 0 0 0 0 0 0 0 0 0 0 0 0 0 0 0 0 0 0 0 0 0 0 0 0 0 0 0 0 0 0 0 0 0 0 0 0 0 0 0 0 0 0 0 0 0 0 0 0 0 0 0 0 0 0 0 0 0 0 0 0 0 0 0 0 0 0 0 0 0 0 0 0 0 0 0 0 0 0 0 0 0 0 0 0 0 0 0 0 0 0 0 0 0 0 0 6290 0 0 0 0 0 0 0 0 0 8279 0 7669 6993 0 8013 0 0 0 7445 6025 7676 9628 8970 11559 0 8944 0 12599 0 0 0 0
Whitaker M 0 0 0 0 0 0 0 0 0 0 0 0 0 0 0 0 0 0 0 0 0 0 0 0 0 0 0 0 0 0 0 0 0 0 0 0 0 0 0 0 0 0 0 0 0 0 0 0 0 0 0 0 0 0 0 0 0 0 0 0 0 0 0 0 0 0 0 0 0 3701 0 0 0 0 0 0 0 0 0 0 0 0 0 0 0 0 0 0 0 0 0 0 0 0 0 0 0 0 0 0 0 0 0 6262 0 0 0 0 0 7948 0 0 7457 0 0 0 0 8149 8506 7901 7442 0 7074 7862 8178 7665 9624 5210 5067 3331 5254 4976 5035 4281
Whitney F 0 0 0 0 0 0 0 0 0 0 0 0 0 0 0 0 0 0 0 0 0 0 0 0 0 0 0 0 0 0 0 0 0 0 0 0 0 0 0 0 0 0 0 0 0 0 0 0 0 0 0 0 0 0 0 0 3713 3809 2339 4265 2744 2853 2819 3495 3142 3138 3036 2896 4665 3903 2657 0 2332 3476 3495 3782 3707 3158 2662 3831 2064 1625 752 603 542 551 639 642 610 583 540 549 556 559 481 457 385 335 296 254 219 204 185 164 124 73 32 32 39 57 60 68 85 82 91 115 140 158 192 222 270 342 349 445 450 468 535 563 570 507 539 517 563 591
Zelda F 739 0 815 0 852 923 830 1148 795 724 727 670 762 562 586 565 538 584 502 498 499 452 518 478 395 387 429 434 388 477 426 374 397 389 427 397 389 407 415 439 470 406 415 456 442 436 443 452 448 458 450 487 467 506 468 503 593 556 566 593 618 681 725 705 715 803 731 897 843 935 885 995 956 907 933 892 836 903 893 856 904 806 780 792 904 994 939 990 1089 1647 1488 2066 2025 2452 2555 2742 3812 3002 3775 5419 4146 4526 5533 4107 5537 5344 4719 5922 4839 4668 5054 4494 6312 6261 5707 13392 6391 10836 6357 5424 3979 5170 4900 4413 4490 3645 3310 3211 3115 2934 2605 2288 1561 1284
Zoe F 333 346 352 386 358 394 432 367 370 455 384 430 465 594 546 499 487 491 586 593 705 615 559 789 668 735 845 871 809 868 723 790 820 1020 972 865 840 916 869 984 814 772 917 940 868 870 979 1009 925 828 1002 761 724 740 753 709 763 809 871 955 970 948 1075 1292 1129 1175 1042 1227 1070 999 1123 946 926 974 881 891 1064 848 824 933 981 971 1103 1217 1238 1216 928 1170 1165 1175 950 1020 1139 980 1095 977 1183 1073 1290 1203 1267 1193 1087 871 793 837 788 730 781 581 503 356 281 234 215 176 155 135 122 104 82 65 60 57 54 58 54 56 58 47 31 31 30 31